-3197687
-5438911
-8000612
-15559968
-16090317
-22875506
-50205020
-52657775
-59687100
-70320054
-81161406
-115786325
-127211344
-134051990
-141208955
-147125098
-183521499
-188828797
-193900230
-204082209
-206903209
-207433045
-209279035
-214830373
-216476585
-222360033
-225207101
-233674997
-234860095
-236365507
-245568237
-246654173
-248183087
-252725218
-253874893
-259079414
-260400150
-274384503
-277859476
-281905026
-288591654
-292087558
-297219207
-298274857
-301477857
-324058101
-331371912
-336490328
-340162340
-345145989
-350722772
-352670264
-356775544
-359590961
-376209091
-378934257
-383133167
-391921828
-392466148
-393120934
-399150428
-406653840
-416523625
-417866796
-424765882
-430850918
-438261551
-449567468
-455177216
-458697907
-467588367
-472174363
-475152315
-487897819
-528173975
-541009218
-546668608
-567024354
-573377959
-580454385
-593324559
-602946773
-618429397
-624191851
-635942044
-655362070
-656425165
-675194359
-679850304
-680265820
-685628654
-689747441
-693041713
-710161170
-720360530
-726262860
-732708574
-741494699
-751100014
-756047971
-757616208
-759322209
-767831847
-778258005
-785152490
-797102675
-798923737
-801058865
-805384607
-825667545
-838325336
-844721363
-844941494
-854361676
-876158286
-876876585
-881663027
-889982341
-898144345
-905876838
-906287691
-912606209
-917929156
-938346924
-939260482
-941967115
-942694228
-948055309
-962263250
-964468737
-964736519
-993389971
-1014395083
-1015129983
-1024105502
-1027900572
-1032158085
-1034533192
-1042150447
-1063436818
-1080574425
-1080632301
-1086811604
-1110858026
-1113784284
-1127258686
-1157393124
-1158062405
-1171380134
-1172161219
-1182477935
-1193383374
-1203549084
-1215235271
-1217903786
-1219744818
-1220272265
-1238205869
-1244398268
-1267855007
-1272394725
-1280013428
-1282475201
-1284646233
-1295441546
-1298329844
-1312415507
-1317513932
-1325992301
-1335613577
-1344455204
-1346383466
-1366083098
-1368482378
-1372347840
-1411308953
-1423435228
-1442893448
-1502331136
-1526555120
-1546142742
-1563683916
-1567417683
-1574719733
-1580091166
-1581196124
-1582356324
-1614982387
-1639289739
-1641984232
-1645603909
-1647293348
-1660662912
-1673347912
-1674939725
-1677893379
-1691132668
-1701819052
-1725588343
-1730050287
-1737658550
-1746161567
-1760200415
-1766424004
-1783734383
-1784932315
-1787214786
-1801976694
-1814187886
-1814258745
-1845995991
-1855741856
-1861106818
-1861320687
-1868998185
-1874977772
-1879379754
-1911830231
-1943936536
-1956414986
-1957628506
-1963297570
-1977344029
-1984111447
-1988869005
-1989764930
-1991561836
-1997986716
-1998610389
-2004555118
-2009505235
-2010780335
-2013446845
-2027035241
-2034692497
-2034872348
-2045013348
-2045668612
-2053549098
-2058723108
-2063241608
-2064345215
-2066094596
-2071648830
-2073381723
-2074414085
-2080303697
-2095954380
-2103843822
-2109115649
-2116634365
-2117358679
-2118332554
-2124581581
-2127485840
-2129633533
-2131008896
-2143435034
2145537695
2135751745
2123587985
2090038384
2088144619
2087355837
2081880750
2070911681
2052406213
2050878456
2045010188
2041393582
2039697044
2006906829
2002485838
1945878910
1941622929
1934972729
1931521696
1928032498
1925420053
1921653722
1911748988
1905910938
1881677783
1880544768
1876128919
1873421040
1872540050
1858700167
1853803564
1845049865
1841443578
1838967895
1818748096
1811488717
1782788407
1748997243
1745613687
1727802366
1723712753
1719353139
1708285485
1705281873
1689750145
1682602113
1675443375
1673541696
1667180426
1663130684
1661912079
1658961737
1631350532
1626749983
1620502881
1603894649
1584572284
1576369091
1554501167
1554424390
1527485581
1521660400
1513248640
1509001539
1488342316
1464576906
1463687590
1462421984
1443857569
1440993338
1438322153
1396666537
1395083090
1363559196
1351755199
1337003053
1330449169
1329858639
1308641838
1298121652
1297683476
1288860174
1286602982
1246872049
1237417073
1229583150
1227520438
1195943749
1188468845
1178823548
1168620637
1166311495
1163861442
1159624896
1131584258
1130785467
1127612408
1126886439
1124458113
1103885986
1099404595
1095820380
1084052781
1077036775
1070774871
1063895911
1061791889
1044178959
1029330162
1025613006
1024850772
1020864569
1019079335
1012880729
1001185676
995481930
993362604
986609768
985743160
971925749
967259757
933117389
929344179
910709538
909553239
896590795
896050910
890530006
881416864
876700630
869803052
866191115
857355905
855662176
847461180
826113873
809973101
802482918
794036558
790404587
779746098
777291360
776094961
770007848
769487170
766627777
751112472
737161254
730706472
729645840
724430260
719735203
714110612
689794608
671758669
636825535
633833949
622458843
621360221
618879585
604244540
592528816
587705571
585317941
573237418
570863537
565632502
560128463
558200230
555901085
550463009
539775334
528499561
524630022
518762980
506404510
498378743
497663398
494660747
476345677
470319793
458609564
458327057
449223143
439304540
424672089
419144510
391269360
388780182
376473063
374356815
362171523
345724316
339675675
337700360
336555438
335157162
328915185
315903814
312801104
303399526
292317712
290812179
287403861
284724056
276702337
276446685
269096271
246245907
234622620
231782500
226435114
224297544
215178389
210635850
192113092
189777245
183895443
182131677
173358731
170668247
152471004
148356075
132128814
130015240
128835938
103605868
88162780
84433496
81876578
80947393
80045896
76485440
64030870
54143165
50493953
32414186
31526788
4366392